Date, Open, High, Low, Close, Volume,ticker
12/24/20,38.91,39.32,38.75,39.3,592519,DRE
12/23/20,39.5,39.74,38.72,38.74,1792772,DRE
12/22/20,39.02,39.47,38.92,39.41,2055480,DRE
12/21/20,38.65,39.07,38.35,38.99,2108800,DRE
12/18/20,40.45,40.45,38.77,39.24,4152921,DRE
12/17/20,40.05,40.58,39.89,40.45,2819473,DRE
12/16/20,39.61,40.28,39.46,39.85,2430983,DRE
12/15/20,38.83,39.58,38.4,39.58,2592061,DRE
12/14/20,38.62,39.36,38.37,38.71,2639814,DRE
12/11/20,38.05,38.5,37.97,38.34,1800182,DRE
12/10/20,38.21,38.48,38.03,38.24,1479460,DRE
12/09/20,38.54,38.56,37.865,38.17,1511583,DRE
12/08/20,38.64,38.78,38.37,38.52,1777080,DRE
12/07/20,38.5,38.75,38.18,38.63,1611732,DRE
12/04/20,37.97,38.66,37.97,38.56,1607039,DRE
12/03/20,37.59,38.03,37.54,37.8,1988820,DRE
12/02/20,38.42,38.76,37.64,37.73,1403448,DRE
12/01/20,38.29,38.8,38.09,38.6,2054526,DRE
11/30/20,38.42,38.5,37.71,38.06,4222582,DRE
11/27/20,38.69,38.69,38.19,38.39,553719,DRE
11/25/20,38.12,38.87,38.01,38.71,1854651,DRE
11/24/20,38.73,38.98,37.94,37.98,2097378,DRE
11/23/20,38.52,38.92,38.3,38.44,1843383,DRE
11/20/20,38.67,38.84,38.22,38.41,3809504,DRE
11/19/20,38.63,38.94,38.4042,38.69,3492248,DRE
11/18/20,39.85,40.09,38.79,38.81,1627839,DRE
11/17/20,39.67,40.195,39.38,39.85,1293259,DRE
11/16/20,40.86,40.99,39.56,39.89,1558097,DRE
11/13/20,40.13,40.42,39.77,40.33,1617032,DRE
11/12/20,40.28,40.73,39.975,40.37,1911031,DRE
11/11/20,40.35,40.615,39.74,40.33,1915583,DRE
11/10/20,38.71,39.83,38.48,39.57,2974080,DRE
11/09/20,42.76,43.45,38.5,38.66,3258144,DRE
11/06/20,40.72,41.02,40.28,40.78,1663875,DRE
11/05/20,41.22,41.32,40.56,40.59,3251481,DRE
11/04/20,40.64,41.35,40.295,40.93,2602338,DRE
11/03/20,39.37,40.54,39.07,40.27,2050929,DRE
11/02/20,38.37,39.22,38.1,39.04,2229189,DRE
10/30/20,37.8,38.27,37.55,37.99,2328221,DRE
10/29/20,37.2,38.29,36.8,37.83,1750163,DRE
10/28/20,37.06,37.905,36.8001,37.16,2400073,DRE
10/27/20,38.19,38.52,37.74,37.74,1272552,DRE
10/26/20,38.59,38.7,38.0,38.22,993134,DRE
10/23/20,38.97,39.12,38.62,38.95,810632,DRE
10/22/20,38.56,38.9353,38.44,38.67,878016,DRE
10/21/20,38.71,38.86,38.38,38.53,1473103,DRE
10/20/20,38.7,39.02,38.47,38.74,1273438,DRE
10/19/20,38.98,39.0,38.315,38.4,1863052,DRE
10/16/20,38.75,39.32,38.6657,38.86,1406748,DRE
10/15/20,38.31,39.07,38.31,38.94,1307997,DRE
10/14/20,39.59,39.59,38.555,38.63,1630099,DRE
10/13/20,40.12,40.31,39.45,39.57,1362165,DRE
10/12/20,39.98,40.62,39.69,40.5,1004282,DRE
10/09/20,39.92,39.97,39.44,39.82,1430423,DRE
10/08/20,39.19,39.7,39.11,39.67,1327884,DRE
10/07/20,39.16,39.32,38.93,38.99,1225016,DRE
10/06/20,39.22,39.59,38.76,38.99,2012490,DRE
10/05/20,38.68,39.348,38.22,39.22,1832349,DRE
10/02/20,37.09,38.57,36.91,38.44,2390662,DRE
10/01/20,37.05,37.51,36.6,37.49,2141438,DRE
09/30/20,37.21,37.48,36.52,36.9,2143550,DRE
09/29/20,36.67,37.07,36.48,36.96,1705526,DRE
09/28/20,36.71,37.015,36.47,36.93,1224075,DRE
09/25/20,35.54,36.25,35.37,36.23,1484233,DRE
09/24/20,35.91,36.68,35.61,35.66,1851680,DRE
09/23/20,36.59,36.855,35.86,35.9,1722821,DRE
09/22/20,35.86,36.96,35.86,36.65,1951826,DRE
09/21/20,36.09,36.41,35.65,35.83,2165493,DRE
09/18/20,36.91,37.29,36.29,36.54,3910068,DRE
09/17/20,37.68,37.82,36.8,37.04,1908898,DRE
09/16/20,38.06,38.44,37.825,37.98,2003815,DRE
09/15/20,37.98,38.27,37.76,37.82,2581667,DRE
09/14/20,37.44,38.07,37.34,37.9,2518928,DRE
09/11/20,37.59,37.76,36.795,37.15,1562539,DRE
09/10/20,37.87,38.0,37.465,37.5,1885220,DRE
09/09/20,37.91,38.77,37.84,37.92,1699249,DRE
09/08/20,37.75,37.78,37.23,37.65,2043033,DRE
09/04/20,38.81,39.03,37.34,38.17,1427173,DRE
09/03/20,39.47,39.52,38.39,38.79,1785420,DRE
09/02/20,38.58,39.32,38.36,39.29,1693704,DRE
09/01/20,38.33,38.705,38.05,38.56,1278100,DRE
08/31/20,38.54,38.6325,38.31,38.55,1673983,DRE
08/28/20,38.83,38.945,38.215,38.68,1567532,DRE
08/27/20,38.81,39.11,38.6,38.94,1500319,DRE
08/26/20,38.48,38.92,38.22,38.66,1990461,DRE
08/25/20,38.4,38.57,38.025,38.54,1601252,DRE
08/24/20,38.16,38.33,37.58,38.32,1414452,DRE
08/21/20,38.29,38.34,37.69,38.16,1191447,DRE
08/20/20,37.82,38.43,37.78,38.1,1270186,DRE
08/19/20,38.54,38.67,37.78,37.89,2004951,DRE
08/18/20,38.66,38.77,38.33,38.47,1064812,DRE
08/17/20,37.87,38.755,37.68,38.71,1479430,DRE
08/14/20,38.79,38.79,37.77,37.89,2756524,DRE
08/13/20,39.26,39.59,38.75,38.78,1332872,DRE
08/12/20,39.2,39.73,38.91,39.59,1112173,DRE
08/11/20,40.01,40.01,38.67,38.81,1624458,DRE
08/10/20,39.84,39.99,39.58,39.63,1679798,DRE
08/07/20,39.49,39.86,39.4795,39.75,1412569,DRE
08/06/20,39.62,39.92,39.45,39.63,1155746,DRE
08/05/20,40.13,40.36,39.41,39.77,1579435,DRE
08/04/20,39.48,40.03,39.3,39.9,1849551,DRE
08/03/20,39.7,39.82,39.21,39.67,1804777,DRE
07/31/20,39.91,40.2,39.27,40.19,2155059,DRE
07/30/20,39.76,40.84,39.72,39.97,2744360,DRE
07/29/20,38.67,40.32,38.67,40.2,2561921,DRE
07/28/20,37.62,38.67,37.5,38.43,2033322,DRE
07/27/20,37.2,37.81,37.12,37.72,2359216,DRE
07/24/20,37.28,37.52,37.17,37.26,2122040,DRE
07/23/20,37.07,37.65,37.04,37.27,2553080,DRE
07/22/20,36.25,37.26,36.12,37.19,2215301,DRE
07/21/20,36.12,36.695,35.99,36.39,2436196,DRE
07/20/20,35.98,36.025,35.53,35.79,2126185,DRE
07/17/20,35.73,36.32,35.56,36.08,2914629,DRE
07/16/20,35.62,36.0,35.42,35.51,1700002,DRE
07/15/20,36.03,36.125,35.47,35.82,2034198,DRE
07/14/20,35.17,35.7199,35.1,35.5,1671470,DRE
07/13/20,35.96,36.11,35.03,35.31,1663627,DRE
07/10/20,35.77,36.13,35.47,35.79,2084228,DRE
07/09/20,35.43,35.97,35.04,35.9,2107207,DRE
07/08/20,35.66,35.73,35.26,35.49,2001952,DRE
07/07/20,35.81,36.225,35.6,35.66,1380884,DRE
07/06/20,37.05,37.1323,36.24,36.34,2645439,DRE
07/02/20,36.71,36.71,36.04,36.26,1435207,DRE
07/01/20,35.52,36.3,35.24,36.12,2539051,DRE
06/30/20,34.6,35.56,34.01,35.39,2345607,DRE
06/29/20,35.07,35.14,34.46,34.58,1808421,DRE
06/26/20,34.89,35.18,34.24,34.58,5478158,DRE
06/25/20,34.48,35.05,34.01,35.04,2431969,DRE
06/24/20,34.97,35.36,34.12,34.58,2307866,DRE
06/23/20,35.75,35.89,35.3,35.39,1879687,DRE
06/22/20,35.47,35.72,34.92,35.45,2216377,DRE
06/19/20,37.11,37.11,35.6,35.6,7399511,DRE
06/18/20,36.33,36.74,36.06,36.57,2073489,DRE
06/17/20,37.12,37.25,36.49,36.72,2268042,DRE
06/16/20,37.38,37.5,36.36,36.91,2516716,DRE
06/15/20,34.34,36.54,34.31,36.21,3071211,DRE
06/12/20,35.6,35.81,34.64,35.35,3858260,DRE
06/11/20,34.48,35.41,34.36,34.53,3676083,DRE
06/10/20,36.78,36.78,35.65,35.65,1844707,DRE
06/09/20,36.8,37.06,36.38,36.9,1850927,DRE
06/08/20,36.73,37.41,36.69,37.21,2854181,DRE
06/05/20,37.16,37.44,36.28,36.81,3560741,DRE
06/04/20,36.27,36.33,35.65,36.15,2823880,DRE
06/03/20,36.0,36.74,35.8615,36.59,2239898,DRE
06/02/20,35.44,35.95,35.15,35.64,2641976,DRE
06/01/20,34.57,35.4579,34.43,35.2,2063167,DRE
05/29/20,34.43,34.88,34.15,34.48,5490321,DRE
05/28/20,34.68,35.01,34.185,34.83,2527814,DRE
05/27/20,34.89,35.1125,33.52,34.13,7312573,DRE
05/26/20,34.49,34.64,33.81,34.12,2029300,DRE
05/22/20,32.97,33.35,32.9,33.28,1685944,DRE
05/21/20,32.48,33.37,32.48,33.04,2196227,DRE
05/20/20,32.72,32.95,32.36,32.66,3516048,DRE
05/19/20,32.32,32.61,31.84,31.87,1767923,DRE
05/18/20,31.97,32.71,31.95,32.45,3407438,DRE
05/15/20,30.18,31.12,29.575,30.83,8012925,DRE
05/14/20,29.88,30.49,28.8,30.49,3391508,DRE
05/13/20,31.17,31.36,30.31,30.41,3010053,DRE
05/12/20,33.89,34.11,31.61,31.65,3165598,DRE
05/11/20,33.51,34.23,33.34,33.89,2143087,DRE
05/08/20,33.81,34.05,33.365,33.92,1879447,DRE
05/07/20,33.27,33.64,33.1,33.23,2137979,DRE
05/06/20,33.06,33.455,32.81,32.93,1985539,DRE
05/05/20,33.22,33.445,32.885,32.92,2131193,DRE
05/04/20,32.93,33.32,32.39,32.81,1654374,DRE
05/01/20,33.96,34.06,33.05,33.3,2973528,DRE
04/30/20,34.93,34.93,33.15,34.7,3066813,DRE
04/29/20,36.53,36.74,35.32,35.5,3390978,DRE
04/28/20,36.42,37.11,36.015,36.2,2221553,DRE
04/27/20,34.72,35.76,34.45,35.72,1905039,DRE
04/24/20,33.6,34.4,33.49,34.3,1794964,DRE
04/23/20,34.13,34.58,33.42,33.44,2622025,DRE
04/22/20,34.04,34.57,33.5061,34.16,1989541,DRE
04/21/20,32.97,33.76,32.79,33.39,2554048,DRE
04/20/20,34.33,34.82,33.72,33.76,2131549,DRE
04/17/20,34.8,35.12,34.2,34.92,2086995,DRE
04/16/20,33.86,34.28,33.52,34.03,1963502,DRE
04/15/20,34.67,35.04,33.28,33.7,2065034,DRE
04/14/20,34.42,35.98,34.42,35.61,2474455,DRE
04/13/20,35.04,35.55,33.77,33.9,3107458,DRE
04/09/20,34.08,35.68,33.66,35.56,3348646,DRE
04/08/20,32.04,33.7,31.52,33.42,4845561,DRE
04/07/20,33.6,34.05,31.46,31.52,3338619,DRE
04/06/20,31.24,32.46,31.0,32.2,2365050,DRE
04/03/20,29.62,30.41,29.17,29.59,2960638,DRE
04/02/20,29.72,30.76,29.5,30.03,3449244,DRE
04/01/20,30.75,31.17,28.71,30.18,2882756,DRE
03/31/20,32.56,33.04,31.5275,32.38,4358008,DRE
03/30/20,32.51,33.42,31.0,33.05,2977716,DRE
03/27/20,29.63,33.03,29.2,32.08,2958200,DRE
03/26/20,28.67,30.92,28.16,30.64,2476717,DRE
03/25/20,28.74,30.42,28.25,28.52,3103866,DRE
03/24/20,27.44,29.27,26.8701,29.01,3652549,DRE
03/23/20,27.0,27.12,25.19,26.25,3362380,DRE
03/20/20,28.42,29.245,26.28,26.99,4590647,DRE
03/19/20,28.39,29.95,27.5,28.23,4728253,DRE
03/18/20,27.11,29.68,26.75,29.12,3934816,DRE
03/17/20,26.94,29.69,25.61,29.11,3455292,DRE
03/16/20,28.4,30.175,26.13,26.15,4889342,DRE
03/13/20,28.96,31.9,27.665,31.88,3705513,DRE
03/12/20,28.08,29.74,26.88,27.44,4101651,DRE
03/11/20,31.77,31.77,30.16,30.36,3941816,DRE
03/10/20,31.93,32.73,30.68,32.71,3869373,DRE
03/09/20,32.4,32.98,31.13,31.16,4336272,DRE
03/06/20,33.64,34.37,32.7094,33.95,3146725,DRE
03/05/20,34.88,35.41,34.22,34.64,2189690,DRE
03/04/20,34.66,35.85,34.66,35.77,2324931,DRE
03/03/20,34.04,35.0,33.65,34.12,4621296,DRE
03/02/20,32.69,33.91,32.36,33.9,4391046,DRE
02/28/20,33.13,33.15,31.47,32.47,6102690,DRE
02/27/20,35.55,35.89,33.88,33.88,3217952,DRE
02/26/20,36.55,37.125,36.18,36.2,3125365,DRE
02/25/20,37.81,37.93,36.49,36.53,2579230,DRE
02/24/20,38.34,38.45,37.67,37.72,2656237,DRE
02/21/20,38.67,38.88,38.51,38.83,2879111,DRE
02/20/20,38.34,38.75,38.13,38.67,2004913,DRE
02/19/20,38.55,38.55,38.12,38.36,2146812,DRE
02/18/20,38.54,38.58,38.0944,38.52,2179439,DRE
02/14/20,38.06,38.49,37.88,38.48,1532550,DRE
02/13/20,37.63,38.0,37.6,37.94,1841007,DRE
02/12/20,37.66,37.995,37.48,37.86,2573228,DRE
02/11/20,37.48,37.66,37.32,37.62,1997192,DRE
02/10/20,36.79,37.3,36.71,37.29,1653343,DRE
02/07/20,36.86,36.91,36.58,36.63,1088769,DRE
02/06/20,36.76,36.9,36.69,36.75,1596719,DRE
02/05/20,36.68,36.89,36.53,36.69,1594375,DRE
02/04/20,36.41,36.8,36.33,36.68,1754656,DRE
02/03/20,36.48,36.48,36.12,36.31,2787939,DRE
01/31/20,36.74,36.82,36.26,36.31,3875107,DRE
01/30/20,36.19,36.91,36.19,36.73,2737230,DRE
01/29/20,36.21,36.52,36.095,36.38,3189601,DRE
01/28/20,36.0,36.32,35.9,36.22,1762664,DRE
01/27/20,35.94,36.14,35.82,36.01,1648105,DRE
01/24/20,36.01,36.28,35.875,36.1,1677346,DRE
01/23/20,35.53,35.96,35.4,35.96,1927415,DRE
01/22/20,36.05,36.13,35.54,35.61,2151559,DRE
01/21/20,35.66,35.94,35.545,35.94,1890395,DRE
01/17/20,35.42,35.68,35.34,35.67,2482863,DRE
01/16/20,35.2,35.46,35.185,35.39,2277387,DRE
01/15/20,35.05,35.38,35.05,35.15,2703334,DRE
01/14/20,35.38,35.38,34.77,34.99,2590705,DRE
01/13/20,34.93,35.4,34.9,35.37,2295776,DRE
01/10/20,34.57,34.95,34.475,34.92,3677898,DRE
01/09/20,34.56,34.66,34.37,34.43,2580590,DRE
01/08/20,34.36,34.67,34.21,34.6,3240715,DRE
01/07/20,34.32,34.5,33.975,34.4,1869601,DRE
01/06/20,34.8,34.9,34.48,34.62,2952342,DRE
01/03/20,34.12,35.04,34.095,35.0,3005279,DRE
01/02/20,34.89,34.89,33.995,34.37,3052400,DRE
12/31/19,34.41,34.68,34.32,34.67,2174119,DRE
12/30/19,34.26,34.38,34.14,34.38,1085428,DRE
12/27/19,34.36,34.465,34.17,34.34,804808,DRE
12/26/19,34.15,34.28,34.06,34.25,659814,DRE
12/24/19,34.04,34.16,33.95,34.1,319514,DRE
12/23/19,34.4,34.48,33.955,34.02,1149737,DRE
12/20/19,34.31,34.45,34.22,34.24,4280472,DRE
12/19/19,34.17,34.285,34.05,34.28,1848183,DRE
12/18/19,34.15,34.285,33.92,34.2,1527530,DRE
12/17/19,34.53,34.57,33.945,34.06,1574416,DRE
12/16/19,34.27,34.49,33.92,34.44,1995136,DRE
12/13/19,34.3,34.48,33.89,34.21,2747666,DRE
12/12/19,34.8,35.09,34.26,34.31,2735930,DRE
12/11/19,35.22,35.26,34.7,34.82,1530338,DRE
12/10/19,35.21,35.28,34.83,35.16,1444382,DRE
12/09/19,35.17,35.18,34.88,35.15,1242940,DRE
12/06/19,35.24,35.45,35.14,35.17,1411228,DRE
12/05/19,35.0,35.24,34.8,35.23,2599159,DRE
12/04/19,34.69,35.24,34.6,35.07,2175304,DRE
12/03/19,34.55,34.9,34.55,34.74,3287977,DRE
12/02/19,35.16,35.16,34.59,34.64,2444586,DRE
11/29/19,35.28,35.44,35.14,35.18,1382829,DRE
11/27/19,35.21,35.33,35.015,35.28,1811766,DRE
11/26/19,34.56,35.25,34.51,35.25,5622806,DRE
11/25/19,34.71,34.9,34.445,34.51,2852860,DRE
11/22/19,34.85,34.86,34.4,34.63,995952,DRE
11/21/19,35.1,35.1,34.71,34.77,1907365,DRE
11/20/19,35.27,35.41,35.07,35.19,1245703,DRE
11/19/19,35.05,35.415,34.92,35.33,1788272,DRE
11/18/19,35.2,35.295,34.995,35.08,2427807,DRE
11/15/19,35.01,35.17,34.91,35.15,1745964,DRE
11/14/19,34.94,35.06,34.765,34.99,1958672,DRE
11/13/19,34.73,34.995,34.56,34.84,1755058,DRE
11/12/19,34.74,35.2,34.715,34.9,2875861,DRE
11/11/19,34.67,34.88,34.465,34.76,1630090,DRE
11/08/19,34.55,34.81,34.49,34.59,1688514,DRE
11/07/19,34.87,34.89,34.47,34.62,2078310,DRE
11/06/19,34.82,35.05,34.66,34.9,2211787,DRE
11/05/19,35.21,35.28,34.6275,34.71,2174782,DRE
11/04/19,35.34,35.55,35.06,35.36,2503409,DRE
11/01/19,35.23,35.34,34.89,35.34,3090049,DRE
10/31/19,35.86,36.04,35.105,35.14,3160547,DRE
10/30/19,35.29,35.575,35.1604,35.49,2921754,DRE
10/29/19,35.2,35.72,35.075,35.14,3105179,DRE
10/28/19,34.69,35.43,34.69,35.25,6420420,DRE
10/25/19,34.52,34.605,34.31,34.56,2172206,DRE
10/24/19,34.27,34.49,34.1,34.46,2242847,DRE
10/23/19,34.05,34.24,33.8628,34.19,1978861,DRE
10/22/19,34.38,34.38,33.9,34.05,1358534,DRE
10/21/19,33.95,34.31,33.9,34.29,1005155,DRE
10/18/19,33.96,34.04,33.72,33.97,1721815,DRE
10/17/19,33.46,33.95,33.41,33.94,2511138,DRE
10/16/19,33.43,33.54,33.18,33.46,2599137,DRE
10/15/19,33.33,33.53,33.2,33.51,1953870,DRE
10/14/19,33.55,33.55,33.18,33.35,1614197,DRE
10/11/19,33.45,33.68,33.295,33.55,3303117,DRE
10/10/19,33.46,33.58,33.29,33.33,2442723,DRE
10/09/19,34.04,34.115,33.45,33.53,1470744,DRE
10/08/19,33.71,34.07,33.41,33.81,2213436,DRE
10/07/19,33.89,34.155,33.72,33.83,2345008,DRE
10/04/19,34.21,34.435,34.11,34.26,2196240,DRE
10/03/19,33.76,34.235,33.7,34.11,2110843,DRE
10/02/19,33.54,33.82,33.5,33.78,2077311,DRE
10/01/19,33.92,34.03,33.47,33.65,2305160,DRE
09/30/19,34.01,34.245,33.96,33.97,2147430,DRE
09/27/19,34.2,34.24,33.75,34.04,2178654,DRE
09/26/19,33.82,34.14,33.54,34.1,1780651,DRE
09/25/19,33.36,33.75,33.36,33.66,2963424,DRE
09/24/19,33.61,33.78,33.34,33.52,2491360,DRE
09/23/19,33.23,33.63,32.79,33.49,1454015,DRE
09/20/19,33.42,33.55,33.24,33.35,3734396,DRE
09/19/19,33.32,33.54,33.2,33.36,3118775,DRE
09/18/19,33.48,33.52,32.89,33.27,3285528,DRE
09/17/19,32.97,33.44,32.815,33.43,2225740,DRE
09/16/19,32.31,32.95,32.21,32.93,1636837,DRE
09/13/19,32.38,32.76,31.99,32.26,1764017,DRE
09/12/19,32.46,32.62,32.24,32.39,2178314,DRE
09/11/19,32.23,32.32,31.895,32.12,2564223,DRE
09/10/19,33.02,33.02,32.08,32.29,2863839,DRE
09/09/19,33.48,33.48,32.98,33.16,1479665,DRE
09/06/19,33.46,33.56,33.12,33.32,2010861,DRE
09/05/19,33.69,33.77,33.28,33.4,1792392,DRE
09/04/19,33.72,33.82,33.48,33.74,1691374,DRE
09/03/19,33.02,33.525,32.9903,33.46,1249150,DRE
08/30/19,33.34,33.43,33.17,33.27,1539677,DRE
08/29/19,33.29,33.445,33.18,33.3,837736,DRE
08/28/19,32.9,33.19,32.8,33.09,1135612,DRE
08/27/19,33.34,33.4999,32.88,32.9,1656657,DRE
08/26/19,33.06,33.16,32.78,33.14,879724,DRE
08/23/19,33.43,33.58,32.74,32.83,1477677,DRE
08/22/19,33.24,33.46,33.05,33.44,1986434,DRE
08/21/19,33.11,33.34,32.98,33.18,1677714,DRE
08/20/19,33.66,33.68,32.94,32.96,1856772,DRE
08/19/19,33.52,33.765,33.24,33.63,1445797,DRE
08/16/19,33.0,33.36,32.84,33.26,1681515,DRE
08/15/19,32.68,33.03,32.55,32.91,1664554,DRE
08/14/19,32.77,32.95,32.54,32.59,2350726,DRE
08/13/19,33.07,33.34,32.86,33.16,1240437,DRE
08/12/19,33.16,33.34,32.97,33.05,1147834,DRE
08/09/19,33.2,33.29,32.83,33.18,1814972,DRE
08/08/19,32.78,33.34,32.45,33.31,1714149,DRE
08/07/19,32.59,32.97,32.24,32.67,1973953,DRE
08/06/19,32.28,32.79,32.07,32.74,1744607,DRE
08/05/19,32.61,32.645,31.65,32.08,2724695,DRE
08/02/19,32.94,33.08,32.775,32.89,1732293,DRE
08/01/19,33.37,33.59,32.79,33.01,2007662,DRE
07/31/19,33.49,33.81,33.29,33.33,4885085,DRE
07/30/19,33.48,33.83,33.43,33.68,2612188,DRE
07/29/19,33.55,33.715,33.3,33.48,1594140,DRE
07/26/19,33.23,33.54,33.19,33.46,1996156,DRE
07/25/19,33.34,33.41,33.06,33.22,1008170,DRE
07/24/19,33.24,33.31,32.98,33.3,1278128,DRE
07/23/19,33.0,33.28,32.81,33.24,1345108,DRE
07/22/19,32.99,33.12,32.73,32.95,1374609,DRE
07/19/19,33.5,33.56,32.75,32.96,2941273,DRE
07/18/19,33.08,33.51,32.92,33.44,1456342,DRE
07/17/19,33.3,33.41,32.88,33.21,1679065,DRE
07/16/19,32.91,33.315,32.76,33.24,2653567,DRE
07/15/19,33.0,33.04,32.8,32.92,2353373,DRE
07/12/19,32.91,32.99,32.595,32.94,1873342,DRE
07/11/19,33.19,33.23,32.705,32.88,3061342,DRE
07/10/19,33.12,33.24,32.88,33.19,1668391,DRE
07/09/19,32.76,33.02,32.69,32.99,2183795,DRE
07/08/19,32.57,32.85,32.55,32.78,1542327,DRE
07/05/19,32.49,32.69,31.97,32.61,1166439,DRE
07/03/19,32.34,32.66,32.32,32.62,1027174,DRE
07/02/19,31.9,32.35,31.845,32.26,1948117,DRE
07/01/19,31.87,31.91,31.17,31.8,1913728,DRE
06/28/19,31.19,31.63,31.19,31.61,3390149,DRE
06/27/19,31.18,31.42,31.11,31.21,1907561,DRE
06/26/19,31.38,31.38,30.695,30.81,2387218,DRE
06/25/19,31.88,32.09,31.3,31.32,1483134,DRE
06/24/19,32.04,32.075,31.705,31.82,1552383,DRE
06/21/19,32.33,32.335,31.885,31.91,3930024,DRE
06/20/19,32.45,32.59,32.31,32.43,1578524,DRE
06/19/19,31.96,32.39,31.82,32.28,1513172,DRE
06/18/19,32.3,32.41,31.81,32.07,1746734,DRE
06/17/19,31.88,32.14,31.795,32.14,1468477,DRE
06/14/19,31.77,31.9,31.615,31.75,2297226,DRE
06/13/19,31.65,31.86,31.635,31.81,1112018,DRE
06/12/19,31.45,31.735,31.41,31.64,1485012,DRE
06/11/19,31.43,31.48,31.12,31.42,1270436,DRE
06/10/19,31.46,31.495,31.135,31.35,928269,DRE
06/07/19,31.7,31.86,31.42,31.46,1730806,DRE
06/06/19,31.32,31.53,31.105,31.51,1459150,DRE
06/05/19,30.66,31.25,30.56,31.25,1728706,DRE
06/04/19,30.61,30.61,29.87,30.45,2227641,DRE
06/03/19,30.23,30.55,30.07,30.49,1918736,DRE
05/31/19,29.9,30.26,29.68,30.09,1818444,DRE
05/30/19,30.0,30.24,29.8,30.0,2030135,DRE
05/29/19,30.55,30.66,29.89,29.97,2518512,DRE
05/28/19,30.83,30.96,30.59,30.61,2951912,DRE
05/24/19,30.85,31.04,30.66,30.7,1638217,DRE
05/23/19,30.66,30.73,30.545,30.73,1291685,DRE
05/22/19,30.73,30.82,30.57,30.75,1431846,DRE
05/21/19,30.41,30.8054,30.38,30.79,1476592,DRE
05/20/19,30.71,30.76,30.13,30.27,1437623,DRE
05/17/19,30.57,30.745,30.395,30.73,1971408,DRE
05/16/19,30.57,30.93,30.48,30.74,1455421,DRE
05/15/19,30.2,30.7,30.1,30.56,1495486,DRE
05/14/19,30.43,30.58,30.34,30.44,2087380,DRE
05/13/19,30.41,30.55,30.23,30.43,1535274,DRE
05/10/19,30.42,30.72,30.24,30.68,1314958,DRE
05/09/19,30.13,30.47,29.84,30.45,1860258,DRE
05/08/19,30.3,30.52,30.16,30.18,1398227,DRE
05/07/19,30.97,31.0,30.06,30.3,1809665,DRE
05/06/19,31.14,31.29,30.92,31.09,1148608,DRE
05/03/19,31.34,31.405,31.08,31.38,1025688,DRE
05/02/19,31.46,31.665,31.07,31.16,2120331,DRE
05/01/19,31.14,31.69,31.09,31.44,2924667,DRE
04/30/19,30.69,31.15,30.55,31.12,2004593,DRE
04/29/19,30.83,30.99,30.66,30.67,1214132,DRE
04/26/19,30.98,31.03,30.75,30.9,1429035,DRE
04/25/19,30.44,30.96,30.44,30.82,2061762,DRE
04/24/19,30.42,30.59,30.22,30.56,1730461,DRE
04/23/19,29.86,30.26,29.81,30.25,993623,DRE
04/22/19,30.1,30.1,29.48,29.73,1383149,DRE
04/18/19,29.72,30.17,29.69,30.13,1546526,DRE
04/17/19,30.01,30.01,29.6,29.71,1472213,DRE
04/16/19,30.63,30.71,29.705,29.9,1984367,DRE
04/15/19,30.89,30.92,30.5,30.61,1169599,DRE
04/12/19,30.6,30.905,30.44,30.86,2286033,DRE
04/11/19,30.97,31.07,30.5,30.62,3118450,DRE
04/10/19,30.54,30.84,30.395,30.83,3332039,DRE
04/09/19,30.63,30.7,30.35,30.4,4279361,DRE
04/08/19,31.0,31.03,30.575,30.65,2113980,DRE
04/05/19,30.75,31.0,30.68,30.97,1746151,DRE
04/04/19,30.97,30.97,30.63,30.8,1462654,DRE
04/03/19,30.91,31.07,30.67,30.87,1988017,DRE
04/02/19,30.79,30.975,30.56,30.94,3415947,DRE
04/01/19,30.65,30.845,30.28,30.78,1732135,DRE
03/29/19,30.86,30.86,30.505,30.58,2182785,DRE
03/28/19,30.54,30.84,30.5,30.83,1450364,DRE
03/27/19,30.74,30.85,30.465,30.57,1604751,DRE
03/26/19,30.73,30.85,30.61,30.77,1283275,DRE
03/25/19,30.68,30.825,30.47,30.65,1233620,DRE
03/22/19,30.73,30.945,30.61,30.67,2548004,DRE
03/21/19,30.05,30.7,29.95,30.7,1761577,DRE
03/20/19,30.03,30.44,29.83,30.15,1620641,DRE
03/19/19,30.33,30.38,29.99,30.07,1703048,DRE
03/18/19,30.56,30.76,30.165,30.34,1521432,DRE
03/15/19,30.65,30.73,30.49,30.57,3139577,DRE
03/14/19,30.75,30.84,30.61,30.71,1234947,DRE
03/13/19,30.83,31.0,30.72,30.75,1499561,DRE
03/12/19,30.56,30.785,30.545,30.71,1826759,DRE
03/11/19,29.98,30.5,29.87,30.48,1442131,DRE
03/08/19,29.55,29.93,29.55,29.89,1669349,DRE
03/07/19,29.75,30.005,29.55,29.64,1322322,DRE
03/06/19,29.75,29.91,29.65,29.7,759636,DRE
03/05/19,29.7,29.93,29.58,29.75,1065073,DRE
03/04/19,29.64,29.755,29.37,29.74,1373265,DRE
03/01/19,29.61,29.61,29.12,29.45,2534658,DRE
02/28/19,29.65,30.025,29.57,29.57,2875455,DRE
02/27/19,29.68,29.79,29.475,29.72,1040801,DRE
02/26/19,30.17,30.17,29.83,29.84,1324806,DRE
02/25/19,30.17,30.38,29.95,30.07,1288676,DRE
02/22/19,30.0,30.135,29.9,30.09,1174691,DRE
02/21/19,29.98,30.1,29.77,29.99,2683417,DRE
02/20/19,29.83,29.99,29.67,29.92,3027822,DRE
02/19/19,29.78,29.97,29.6813,29.88,1411965,DRE
02/15/19,29.84,29.87,29.68,29.78,1882112,DRE
02/14/19,29.68,29.84,29.47,29.69,1163671,DRE
02/13/19,29.53,29.81,29.47,29.69,1940403,DRE
02/12/19,29.79,29.85,29.43,29.78,3200643,DRE
02/11/19,29.96,30.07,29.68,29.72,3071382,DRE
02/08/19,30.04,30.12,29.83,29.98,2160068,DRE
02/07/19,29.6,30.12,29.425,30.04,2768331,DRE
02/06/19,29.9,29.93,29.62,29.65,2368574,DRE
02/05/19,29.87,29.92,29.57,29.91,1924168,DRE
02/04/19,29.53,29.9,29.35,29.9,1531437,DRE
02/01/19,29.32,29.55,28.835,29.52,2446586,DRE
01/31/19,29.88,30.05,29.06,29.24,4859498,DRE
01/30/19,29.47,29.95,29.38,29.93,3676409,DRE
01/29/19,29.19,29.46,29.125,29.46,3639709,DRE
01/28/19,28.85,29.34,28.8,29.24,2243727,DRE
01/25/19,28.58,29.025,28.56,28.96,2375809,DRE
01/24/19,28.42,28.62,28.23,28.44,1858433,DRE
01/23/19,28.16,28.43,28.11,28.4,1871334,DRE
01/22/19,28.36,28.52,27.98,28.16,3046960,DRE
01/18/19,28.2,28.48,28.03,28.42,2260107,DRE
01/17/19,27.91,28.27,27.91,28.19,2512681,DRE
01/16/19,27.83,28.075,27.71,28.02,2194349,DRE
01/15/19,27.75,27.955,27.51,27.83,1980888,DRE
01/14/19,27.4,27.63,27.24,27.52,3646893,DRE
01/11/19,27.07,27.54,26.9,27.54,2835897,DRE
01/10/19,26.59,27.3,26.5,27.15,2388212,DRE
01/09/19,26.62,26.67,26.09,26.62,2534538,DRE
01/08/19,25.93,26.59,25.78,26.48,2635936,DRE
01/07/19,25.47,25.795,25.36,25.62,1761310,DRE
01/04/19,25.22,25.68,25.13,25.42,2354747,DRE
01/03/19,25.0,25.385,24.88,25.07,3420045,DRE
01/02/19,25.61,25.61,24.91,25.04,2498936,DRE
12/31/18,25.6,25.9,25.24,25.9,2126573,DRE
12/28/18,25.92,26.0,25.33,25.56,2758046,DRE
12/27/18,25.56,25.71,24.81,25.71,2681149,DRE
12/26/18,25.08,25.77,24.665,25.77,2900769,DRE
12/24/18,26.54,26.54,24.97,25.0,1691984,DRE
12/21/18,26.9,27.37,26.55,26.57,5935306,DRE
12/20/18,27.04,27.12,26.535,26.84,3000537,DRE
12/19/18,27.39,27.565,26.95,27.08,3217643,DRE
12/18/18,27.06,27.38,26.97,27.24,2137916,DRE
12/17/18,28.12,28.22,26.79,26.84,2869252,DRE
12/14/18,27.95,28.2,27.8988,28.06,1640833,DRE
12/13/18,27.63,28.345,27.63,28.06,2746724,DRE
12/12/18,28.74,28.8,27.63,27.65,2125490,DRE
12/11/18,28.61,28.84,28.39,28.44,2749619,DRE
12/10/18,28.55,28.55,27.88,28.43,2076287,DRE
12/07/18,28.83,28.83,28.37,28.52,2304743,DRE
12/06/18,27.88,28.84,27.315,28.83,3356430,DRE
12/04/18,28.86,28.91,27.98,28.02,2125830,DRE
12/03/18,28.5,28.84,28.405,28.83,1740525,DRE
11/30/18,28.17,28.47,28.02,28.46,3330027,DRE
11/29/18,28.21,28.265,27.86,28.07,2270260,DRE
11/28/18,28.0,28.35,27.99,28.28,1941772,DRE
11/27/18,28.04,28.13,27.865,28.03,1437150,DRE
11/26/18,28.3,28.42,27.95,28.03,1652117,DRE
11/23/18,28.23,28.33,27.9884,28.19,579899,DRE
11/21/18,28.22,28.54,28.07,28.28,1524401,DRE
11/20/18,28.41,28.65,28.14,28.21,1814847,DRE
11/19/18,28.44,28.78,28.17,28.46,1779502,DRE
11/16/18,28.06,28.47,28.01,28.44,1712016,DRE
11/15/18,28.19,28.26,27.77,28.13,1740762,DRE
11/14/18,28.45,28.515,28.165,28.36,1226241,DRE
11/13/18,28.44,28.58,28.12,28.52,1615113,DRE
11/12/18,28.58,28.86,28.41,28.44,1646154,DRE
11/09/18,28.58,28.69,28.36,28.58,1189427,DRE
11/08/18,28.47,28.62,28.2875,28.58,1263222,DRE
11/07/18,28.34,28.56,28.16,28.55,1266175,DRE
11/06/18,27.98,28.21,27.88,28.2,1530749,DRE
11/05/18,27.64,28.005,27.56,27.88,1553181,DRE
11/02/18,27.79,27.85,27.22,27.54,1547394,DRE
11/01/18,27.72,27.925,27.47,27.81,2437643,DRE
10/31/18,27.95,28.01,27.29,27.57,3190344,DRE
10/30/18,28.13,28.44,27.93,27.98,2429799,DRE
10/29/18,27.89,28.255,27.88,28.04,2325339,DRE
10/26/18,28.34,28.39,27.53,27.7,2175086,DRE
10/25/18,28.2,28.645,27.78,28.39,1794512,DRE
10/24/18,27.68,28.15,27.51,28.01,2302281,DRE
10/23/18,27.16,27.77,27.05,27.65,1929588,DRE
10/22/18,27.76,27.85,27.28,27.3,1507918,DRE
10/19/18,27.57,27.7585,27.54,27.73,1565615,DRE
10/18/18,27.39,27.76,27.3438,27.55,1864038,DRE
10/17/18,27.41,27.55,27.155,27.43,1595961,DRE
10/16/18,26.92,27.55,26.7,27.47,2172942,DRE
10/15/18,26.73,27.11,26.61,26.81,2489932,DRE
10/12/18,27.11,27.28,26.63,26.81,2245001,DRE
10/11/18,28.02,28.02,26.84,26.84,2772541,DRE
10/10/18,28.51,28.75,27.955,27.98,2396516,DRE
10/09/18,28.29,28.655,28.1,28.62,3117948,DRE
10/08/18,27.87,28.39,27.82,28.25,1704627,DRE
10/05/18,27.75,28.02,27.7,27.8,1409562,DRE
10/04/18,27.69,27.83,27.38,27.75,1949227,DRE
10/03/18,28.08,28.2,27.64,27.8,1600979,DRE
10/02/18,28.08,28.16,27.96,28.0,1414871,DRE
10/01/18,28.35,28.435,28.06,28.06,1790027,DRE
09/28/18,27.73,28.37,27.73,28.37,2650149,DRE
09/27/18,27.75,27.91,27.63,27.71,1488936,DRE
09/26/18,28.1,28.165,27.675,27.68,1418888,DRE
09/25/18,28.12,28.27,27.99,28.1,1265779,DRE
09/24/18,28.66,28.675,28.0401,28.08,1726115,DRE
09/21/18,28.69,28.91,28.6,28.73,4566095,DRE
09/20/18,28.27,28.75,28.16,28.72,2397296,DRE
09/19/18,28.78,28.78,28.21,28.28,1575489,DRE
09/18/18,28.97,29.02,28.635,28.71,1542781,DRE
09/17/18,28.8,29.04,28.59,29.01,1645831,DRE
09/14/18,28.78,28.78,28.395,28.74,1949381,DRE
09/13/18,28.87,28.96,28.65,28.85,2074549,DRE
09/12/18,28.66,28.81,28.55,28.72,2675342,DRE
09/11/18,28.51,28.735,28.45,28.65,2573513,DRE
09/10/18,28.52,28.81,28.5,28.63,3131538,DRE
09/07/18,28.43,28.46,28.205,28.4,3354800,DRE
09/06/18,28.42,28.66,28.36,28.53,1900329,DRE
09/05/18,27.88,28.4,27.8,28.35,1395513,DRE
09/04/18,28.47,28.49,27.875,27.98,1772177,DRE
08/31/18,28.33,28.515,28.2,28.49,2215031,DRE
08/30/18,28.51,28.53,28.23,28.33,1901290,DRE
08/29/18,28.52,28.605,28.45,28.46,1583608,DRE
08/28/18,28.24,28.46,27.955,28.44,2325649,DRE
08/27/18,28.23,28.3,27.955,28.19,1999255,DRE
08/24/18,27.84,28.22,27.79,28.2,1948389,DRE
08/23/18,28.09,28.105,27.85,27.85,1818650,DRE
08/22/18,28.21,28.32,28.02,28.06,2995980,DRE
08/21/18,28.63,28.7,28.11,28.22,4940520,DRE
08/20/18,29.02,29.05,28.6,28.67,3302037,DRE
08/17/18,28.63,29.0,28.46,28.94,4545450,DRE
08/16/18,28.43,28.7,28.34,28.55,6922234,DRE
08/15/18,28.4,28.66,28.34,28.43,3993139,DRE
08/14/18,28.6,28.75,28.53,28.6,1920698,DRE
08/13/18,28.81,28.94,28.57,28.58,1213766,DRE
08/10/18,28.98,29.09,28.79,28.83,1271611,DRE
08/09/18,29.14,29.275,28.95,29.0,2042987,DRE
08/08/18,29.21,29.23,28.885,29.14,1696845,DRE
08/07/18,29.26,29.26,29.0,29.15,2004041,DRE
08/06/18,29.4,29.48,29.26,29.31,2447561,DRE
08/03/18,29.12,29.39,29.12,29.39,1911906,DRE
08/02/18,29.33,29.41,29.1,29.18,2108616,DRE
08/01/18,28.91,29.35,28.88,29.31,2319921,DRE
07/31/18,28.69,29.3233,28.55,29.12,2391007,DRE
07/30/18,28.72,28.73,28.44,28.57,2424591,DRE
07/27/18,29.05,29.1,28.635,28.68,2863551,DRE
07/26/18,28.93,29.13,28.23,29.08,3923782,DRE
07/25/18,27.78,28.13,27.52,28.05,3553083,DRE
07/24/18,27.87,27.87,27.52,27.67,3295968,DRE
07/23/18,27.99,28.045,27.73,27.87,1717664,DRE
07/20/18,28.44,28.49,27.9,28.0,1665872,DRE
07/19/18,28.23,28.725,28.22,28.54,1565067,DRE
07/18/18,28.21,28.47,28.095,28.33,3125650,DRE
07/17/18,28.91,28.94,28.15,28.27,2610434,DRE
07/16/18,28.86,28.93,28.54,28.83,1477077,DRE
07/13/18,29.1,29.16,28.855,28.92,1012301,DRE
07/12/18,29.04,29.085,28.91,29.02,1134703,DRE
07/11/18,28.9,29.175,28.89,28.96,1342742,DRE
07/10/18,28.89,29.12,28.82,28.93,2162503,DRE
07/09/18,29.27,29.32,28.79,28.91,2918011,DRE
07/06/18,29.28,29.465,29.1,29.23,3461368,DRE
07/05/18,29.27,29.27,28.97,29.21,2379537,DRE
07/03/18,28.86,29.31,28.75,29.08,2648191,DRE
07/02/18,29.02,29.1,28.41,28.74,2504527,DRE
06/29/18,28.89,29.24,28.79,29.03,2598131,DRE
06/28/18,28.87,29.06,28.81,28.98,2691522,DRE
06/27/18,29.09,29.22,28.815,28.82,2335419,DRE
06/26/18,28.96,29.11,28.84,28.95,3571217,DRE
06/25/18,28.84,28.98,28.61,28.88,1854260,DRE
06/22/18,28.77,28.855,28.6,28.76,2684326,DRE
06/21/18,28.66,28.815,28.58,28.73,1449721,DRE
06/20/18,28.54,28.83,28.42,28.67,1808983,DRE
06/19/18,28.35,28.56,28.17,28.28,2094356,DRE
06/18/18,28.4,28.545,28.205,28.51,1055621,DRE
06/15/18,28.59,28.67,28.38,28.44,3322394,DRE
06/14/18,28.32,28.67,28.28,28.55,1713360,DRE
06/13/18,28.76,28.83,28.08,28.15,1411981,DRE
06/12/18,28.47,28.94,28.4,28.76,1877632,DRE
06/11/18,28.72,28.72,28.455,28.54,1159508,DRE
06/08/18,28.5,28.75,28.39,28.72,1480864,DRE
06/07/18,28.49,28.67,28.34,28.5,2825353,DRE
06/06/18,28.56,28.67,28.295,28.48,1581631,DRE
06/05/18,28.83,28.83,28.48,28.58,2362201,DRE
06/04/18,28.56,28.88,28.4,28.83,2709126,DRE
06/01/18,28.17,28.515,28.04,28.46,2225290,DRE
05/31/18,28.26,28.31,28.065,28.12,4054669,DRE
05/30/18,28.0,28.51,27.94,28.32,1689913,DRE
05/29/18,27.83,28.075,27.77,27.99,2510463,DRE
05/25/18,27.92,28.0,27.815,27.94,1261705,DRE
05/24/18,27.92,27.98,27.6,27.84,1762689,DRE
05/23/18,27.63,28.05,27.54,27.91,1333103,DRE
05/22/18,27.61,27.73,27.52,27.58,1852927,DRE
05/21/18,27.51,27.65,27.3,27.55,1877065,DRE
05/18/18,27.53,27.59,27.27,27.4,2346386,DRE
05/17/18,27.93,27.95,27.43,27.49,2178367,DRE
05/16/18,28.16,28.205,27.88,27.96,3240355,DRE
05/15/18,28.18,28.25,27.84,28.05,3749124,DRE
05/14/18,28.75,28.79,28.3,28.51,2248658,DRE
05/11/18,28.93,28.98,28.7,28.72,2100225,DRE
05/10/18,28.86,28.96,28.75,28.88,2338961,DRE
05/09/18,28.41,28.8,28.37,28.7,2208240,DRE
05/08/18,28.4,28.475,28.2,28.39,2647744,DRE
05/07/18,28.0,28.49,27.93,28.41,2472979,DRE
05/04/18,27.78,27.99,27.7325,27.92,1683722,DRE
05/03/18,27.68,27.93,27.6,27.82,1547082,DRE
05/02/18,27.54,27.9,27.42,27.73,2343610,DRE
05/01/18,27.5,27.78,27.23,27.73,3859034,DRE
04/30/18,27.02,27.89,26.9,27.1,6175737,DRE
04/27/18,26.69,27.07,26.62,26.82,2026132,DRE
04/26/18,26.85,26.985,26.15,26.76,1762073,DRE
04/25/18,25.98,26.04,25.72,25.96,1441309,DRE
04/24/18,26.04,26.34,25.97,26.08,2131872,DRE
04/23/18,26.14,26.19,25.9,25.95,1692438,DRE
04/20/18,26.3,26.445,25.97,26.02,2781518,DRE
04/19/18,26.53,26.57,26.0,26.21,2060988,DRE
04/18/18,26.48,26.665,26.39,26.62,1878260,DRE
04/17/18,26.06,26.59,26.01,26.44,2906234,DRE
04/16/18,25.74,26.015,25.61,25.94,1794468,DRE
04/13/18,25.48,25.72,25.285,25.72,1261086,DRE
04/12/18,25.74,25.76,25.34,25.39,1770625,DRE
04/11/18,25.63,25.93,25.63,25.66,1085401,DRE
04/10/18,25.75,25.915,25.68,25.71,2180689,DRE
04/09/18,25.72,25.99,25.61,25.61,1539407,DRE
04/06/18,25.95,26.11,25.61,25.68,1925098,DRE
04/05/18,26.07,26.13,25.685,25.97,1474092,DRE
04/04/18,25.72,26.08,25.665,26.03,1998700,DRE
04/03/18,25.76,26.065,25.56,25.89,2093397,DRE
04/02/18,26.55,26.55,25.545,25.74,3025228,DRE
03/29/18,26.37,26.62,26.27,26.48,2959288,DRE
03/28/18,26.1,26.32,26.06,26.27,3410856,DRE
03/27/18,25.6,26.35,25.37,26.03,3144273,DRE
03/26/18,25.5,25.55,25.16,25.42,1479047,DRE
03/23/18,25.72,25.77,25.21,25.27,2691852,DRE
03/22/18,25.92,26.135,25.75,25.75,3764150,DRE
03/21/18,26.09,26.2,25.87,26.02,2915446,DRE
03/20/18,26.11,26.28,25.92,26.07,2391756,DRE
03/19/18,26.08,26.16,25.9,26.08,2674547,DRE
03/16/18,25.86,26.17,25.7,26.13,3501740,DRE
03/15/18,25.72,25.94,25.64,25.85,2710323,DRE
03/14/18,25.67,25.8,25.545,25.7,1981090,DRE
03/13/18,25.78,25.88,25.54,25.6,1807780,DRE
03/12/18,25.7,25.8,25.455,25.73,2366727,DRE
03/09/18,25.47,25.76,25.255,25.76,1771547,DRE
03/08/18,25.25,25.51,25.06,25.44,2011188,DRE
03/07/18,24.86,25.22,24.8,25.19,2169702,DRE
03/06/18,24.9,24.98,24.58,24.94,3408016,DRE
03/05/18,24.47,25.115,24.44,24.98,1804252,DRE
03/02/18,24.68,24.7,24.3,24.59,1811989,DRE
03/01/18,24.66,25.11,24.57,24.75,2577907,DRE
02/28/18,24.91,25.11,24.76,24.77,3927907,DRE
02/27/18,25.34,25.46,24.83,24.83,2423993,DRE
02/26/18,25.57,25.62,25.22,25.41,2233031,DRE
02/23/18,25.06,25.49,24.985,25.47,2965970,DRE
02/22/18,24.92,25.185,24.82,24.9,2708428,DRE
02/21/18,25.43,25.53,24.81,24.82,2659303,DRE
02/20/18,25.71,25.99,25.45,25.47,2447829,DRE
02/16/18,25.61,26.04,25.61,25.88,6157111,DRE
02/15/18,25.57,25.72,25.245,25.64,4269421,DRE
02/14/18,25.17,25.575,24.99,25.53,4749656,DRE
02/13/18,25.14,25.73,25.09,25.62,3962425,DRE
02/12/18,25.42,25.54,24.58,25.3,4752037,DRE
02/09/18,24.64,25.515,24.48,25.37,4812172,DRE
02/08/18,25.37,25.47,24.52,24.52,4492309,DRE
02/07/18,25.43,25.91,25.3,25.37,2988419,DRE
02/06/18,25.21,25.73,24.95,25.52,4570425,DRE
02/05/18,26.65,26.91,25.59,25.61,4629036,DRE
02/02/18,26.74,26.95,26.34,26.78,3895970,DRE
02/01/18,26.68,27.4,26.24,26.97,5143446,DRE
01/31/18,25.73,26.41,25.71,26.41,4782662,DRE
01/30/18,25.75,25.88,25.58,25.7,2592250,DRE
01/29/18,25.97,26.06,25.735,25.79,2258299,DRE
01/26/18,26.07,26.15,25.88,26.09,1815507,DRE
01/25/18,26.04,26.08,25.74,26.01,2140196,DRE
01/24/18,26.16,26.19,25.88,26.02,2338662,DRE
01/23/18,26.11,26.23,25.96,26.2,2629899,DRE
01/22/18,25.7,26.02,25.61,25.98,2717306,DRE
01/19/18,25.4,25.67,25.38,25.64,2597945,DRE
01/18/18,25.98,25.98,25.39,25.39,4777981,DRE
01/17/18,25.87,26.06,25.745,26.03,2151714,DRE
01/16/18,25.81,26.18,25.75,25.8,2908054,DRE
01/12/18,25.61,25.8,25.46,25.71,2352922,DRE
01/11/18,25.87,25.96,25.6,25.63,1803533,DRE
01/10/18,26.22,26.23,25.82,25.87,1776399,DRE
01/09/18,26.5,26.55,26.21,26.23,2304392,DRE
01/08/18,26.41,26.595,26.37,26.48,2072358,DRE
01/05/18,26.33,26.49,26.3,26.46,1891799,DRE
01/04/18,26.7,26.8,26.28,26.3,2086984,DRE
01/03/18,26.64,26.89,26.204,26.81,1993263,DRE
01/02/18,27.24,27.3,26.84,26.89,2795191,DRE
12/29/17,27.38,27.38,27.105,27.21,1644129,DRE
12/28/17,27.1,27.3,26.975,27.3,1587085,DRE
12/27/17,27.02,27.13,26.89,27.12,1323907,DRE
12/26/17,26.83,26.99,26.76,26.92,935273,DRE
12/22/17,26.84,26.93,26.65,26.86,2044978,DRE
12/21/17,27.11,27.11,26.77,26.79,1846980,DRE
12/20/17,27.31,27.47,26.99,27.02,2674919,DRE
12/19/17,27.84,28.0,27.255,27.27,3256173,DRE
12/18/17,27.74,28.075,27.74,27.85,2168472,DRE
12/15/17,27.79,27.9,27.5,27.82,5934758,DRE
12/14/17,27.82,27.94,27.66,27.81,2092036,DRE
12/13/17,27.76,27.93,27.57,27.72,2439867,DRE
12/12/17,27.66,28.0775,27.57,27.81,1865982,DRE
12/11/17,27.89,27.9199,27.6,27.71,2150799,DRE
12/08/17,28.01,28.01,27.845,27.91,1915963,DRE
12/07/17,27.41,27.81,27.34,27.78,2021115,DRE
12/06/17,27.36,27.43,27.16,27.38,1686176,DRE
12/05/17,27.81,27.8556,27.33,27.36,2178002,DRE
12/04/17,28.25,28.38,27.82,27.85,2194497,DRE
12/01/17,28.15,28.59,27.87,28.28,3739920,DRE
11/30/17,28.0,28.34,27.92,28.13,3515231,DRE
11/29/17,28.99,29.01,28.57,28.65,2421085,DRE
11/28/17,29.41,29.41,28.845,29.0,2164124,DRE
11/27/17,29.22,29.31,29.01,29.08,1511815,DRE
11/24/17,29.34,29.34,29.13,29.15,596909,DRE
11/22/17,29.19,29.325,29.16,29.22,1649800,DRE
11/21/17,28.98,29.3,28.93,29.3,1526853,DRE
11/20/17,29.03,29.03,28.85,28.91,1772469,DRE
11/17/17,28.87,28.93,28.67,28.84,1588027,DRE
11/16/17,28.7,29.085,28.6,29.01,2353605,DRE
11/15/17,28.93,28.98,28.68,28.7,1848415,DRE
11/14/17,29.12,29.315,29.08,29.12,2092724,DRE
11/13/17,28.96,29.18,28.88,29.11,2001320,DRE
11/10/17,28.7,29.05,28.69,28.96,1227871,DRE
11/09/17,29.03,29.11,28.87,28.93,1769875,DRE
11/08/17,28.89,29.08,28.89,29.03,2226157,DRE
11/07/17,29.06,29.09,28.78,28.98,1995627,DRE
11/06/17,28.86,29.095,28.75,28.92,1063624,DRE
11/03/17,28.5,29.1,28.5,28.82,1253102,DRE
11/02/17,28.74,28.91,28.61,28.71,1329944,DRE
11/01/17,28.64,28.79,28.44,28.71,1681277,DRE
10/31/17,28.37,28.49,28.15,28.48,1771825,DRE
10/30/17,28.59,28.67,28.36,28.38,2595560,DRE
10/27/17,28.55,28.845,28.4,28.62,2454679,DRE
10/26/17,29.58,29.58,28.28,28.61,2210542,DRE
10/25/17,28.57,28.82,28.495,28.79,2061622,DRE
10/24/17,28.69,28.79,28.5,28.64,1599104,DRE
10/23/17,28.95,28.95,28.58,28.74,1360343,DRE
10/20/17,28.93,28.95,28.76,28.85,1172716,DRE
10/19/17,29.11,29.1899,28.76,28.88,1253623,DRE
10/18/17,28.94,29.22,28.87,29.14,1306841,DRE
10/17/17,28.91,29.01,28.77,28.95,1654562,DRE
10/16/17,29.04,29.065,28.8,28.94,1852528,DRE
10/13/17,29.1,29.15,28.99,29.03,1590954,DRE
10/12/17,28.91,29.06,28.78,29.05,1470985,DRE
10/11/17,28.87,29.01,28.855,28.93,1073987,DRE
10/10/17,29.08,29.3,28.81,28.9,1428630,DRE
10/09/17,28.98,29.13,28.98,29.02,953203,DRE
10/06/17,28.88,29.02,28.62,29.01,1350839,DRE
10/05/17,29.15,29.205,28.88,29.0,1448307,DRE
10/04/17,29.01,29.115,28.88,29.1,1025329,DRE
10/03/17,29.06,29.23,28.9,29.01,1386856,DRE
10/02/17,28.82,29.13,28.82,28.96,2075833,DRE
09/29/17,28.79,28.94,28.63,28.82,2379296,DRE
09/28/17,28.54,28.975,28.43,28.95,2633347,DRE
09/27/17,28.81,28.86,28.36,28.61,1905754,DRE
09/26/17,29.05,29.125,28.84,28.86,1676153,DRE
09/25/17,29.15,29.42,29.04,29.28,1532861,DRE
09/22/17,29.44,29.56,29.06,29.11,780397,DRE
09/21/17,29.52,29.63,29.3,29.42,1227752,DRE
09/20/17,29.49,29.63,29.335,29.49,1714009,DRE
09/19/17,29.66,29.71,29.425,29.45,3230542,DRE
09/18/17,29.57,29.685,29.32,29.58,1833618,DRE
09/15/17,29.77,29.83,29.29,29.57,2985851,DRE
09/14/17,29.33,29.71,29.21,29.7,1748780,DRE
09/13/17,29.43,29.48,29.2,29.36,1604311,DRE
09/12/17,30.0,30.14,29.38,29.51,2157003,DRE
09/11/17,29.48,30.14,29.48,30.14,3530953,DRE
09/08/17,29.37,29.54,29.32,29.33,2679358,DRE
09/07/17,29.5,29.615,29.38,29.41,3167882,DRE
09/06/17,29.61,29.63,29.42,29.44,3060936,DRE
09/05/17,29.56,29.68,29.41,29.48,3006844,DRE
09/01/17,29.79,29.87,29.52,29.53,1562382,DRE
08/31/17,29.57,29.9,29.5,29.72,2611244,DRE
08/30/17,29.35,29.48,29.16,29.47,1979321,DRE
08/29/17,29.35,29.53,29.16,29.41,1708369,DRE
08/28/17,29.49,29.56,29.14,29.3,1661239,DRE
08/25/17,29.5,29.57,29.31,29.38,1945261,DRE
08/24/17,29.62,29.72,29.32,29.33,1852567,DRE
08/23/17,29.16,29.63,29.09,29.54,1908482,DRE
08/22/17,29.48,29.52,29.09,29.18,2571437,DRE
08/21/17,28.86,29.44,28.81,29.43,3811277,DRE
08/18/17,28.44,28.9,28.34,28.86,3860711,DRE
08/17/17,28.89,28.97,28.47,28.52,2005500,DRE
08/16/17,28.92,29.17,28.88,28.9,1864570,DRE
08/15/17,28.73,28.88,28.52,28.86,1926454,DRE
08/14/17,28.31,28.84,28.27,28.82,1924166,DRE
08/11/17,28.17,28.325,28.165,28.26,2083461,DRE
08/10/17,28.41,28.53,28.215,28.26,1433557,DRE
08/09/17,28.81,28.81,28.43,28.52,2016641,DRE
08/08/17,28.4,28.84,28.25,28.74,3614551,DRE
08/07/17,28.63,28.71,28.38,28.42,1754101,DRE
08/04/17,28.74,28.88,28.57,28.69,3070541,DRE
08/03/17,28.86,29.05,28.68,28.71,1652435,DRE
08/02/17,28.89,29.0,28.75,28.9,1874268,DRE
08/01/17,28.72,29.0,28.6,28.89,2375784,DRE
07/31/17,28.96,28.97,28.43,28.59,2444909,DRE
07/28/17,28.84,28.985,28.78,28.87,2712415,DRE
07/27/17,28.81,29.19,28.25,28.75,4092460,DRE
07/26/17,27.76,28.75,27.74,28.42,6476873,DRE
07/25/17,27.98,28.2,27.73,27.73,86679203,DRE
07/24/17,27.76,27.96,27.56,27.91,3669893,DRE
07/21/17,27.97,28.14,27.535,27.77,3448979,DRE
07/20/17,28.7,28.79,27.98,27.98,6322573,DRE
07/19/17,28.45,28.96,28.45,28.79,2628240,DRE
07/18/17,28.07,28.59,28.03,28.36,3357364,DRE
07/17/17,27.86,28.19,27.74,28.15,2000463,DRE
07/14/17,27.84,27.975,27.69,27.83,1127101,DRE
07/13/17,27.92,27.97,27.635,27.65,1306327,DRE
07/12/17,27.7,27.98,27.63,27.9,2032361,DRE
07/11/17,27.49,27.52,27.225,27.49,1565761,DRE
07/10/17,27.72,27.79,27.41,27.44,2408150,DRE
07/07/17,27.39,27.78,27.32,27.7,2437904,DRE
07/06/17,27.47,27.52,27.315,27.33,2301078,DRE
07/05/17,28.02,28.06,27.37,27.62,2713828,DRE
07/03/17,28.06,28.17,27.86,28.09,1222308,DRE
06/30/17,27.7,28.065,27.65,27.95,3013713,DRE
06/29/17,27.61,27.72,27.43,27.65,3556755,DRE
06/28/17,27.75,27.82,27.57,27.76,3295064,DRE
06/27/17,27.96,28.04,27.57,27.67,4560073,DRE
06/26/17,28.27,28.35,27.88,28.05,2367959,DRE
06/23/17,28.08,28.53,27.94,28.16,4699141,DRE
06/22/17,28.43,28.46,28.17,28.28,2020254,DRE
06/21/17,28.46,28.585,28.32,28.5,1916796,DRE
06/20/17,28.91,28.95,28.23,28.46,2268955,DRE
06/19/17,28.84,28.89,28.6,28.88,2364311,DRE
06/16/17,28.99,29.06,28.66,28.83,3897415,DRE
06/15/17,28.67,29.185,28.67,29.06,3229175,DRE
06/14/17,28.91,29.15,28.79,28.87,2714973,DRE
06/13/17,28.63,28.65,28.4,28.65,3871685,DRE
06/12/17,28.47,28.77,28.3499,28.66,3500242,DRE
06/09/17,28.35,28.57,28.22,28.45,1677638,DRE
06/08/17,28.52,28.54,28.135,28.33,2673729,DRE
06/07/17,28.76,28.76,28.48,28.6,3081680,DRE
06/06/17,28.92,28.97,28.64,28.71,2528385,DRE
06/05/17,29.17,29.23,28.84,28.88,1745130,DRE
06/02/17,29.08,29.25,28.79,29.18,11067430,DRE
06/01/17,28.68,29.05,28.49,29.0,2583300,DRE
05/31/17,28.63,28.78,28.34,28.67,2635854,DRE
05/30/17,28.6,28.73,28.48,28.51,1226646,DRE
05/26/17,28.85,28.9,28.55,28.66,747953,DRE
05/25/17,29.02,29.05,28.81,28.87,1409833,DRE
05/24/17,28.87,29.02,28.86,28.97,1186179,DRE
05/23/17,28.78,29.0,28.7,28.83,1508205,DRE
05/22/17,28.55,28.76,28.36,28.72,1865515,DRE
05/19/17,28.4,28.63,28.2001,28.57,5399315,DRE
05/18/17,28.46,28.46,28.05,28.3,3294286,DRE
05/17/17,28.09,28.67,28.07,28.49,3695619,DRE
05/16/17,28.07,28.22,27.91,28.14,2112523,DRE
05/15/17,27.78,28.3,27.74,28.12,2687733,DRE
05/12/17,27.8,27.93,27.62,27.7,2190167,DRE
05/11/17,27.89,28.08,27.81,28.01,1938856,DRE
05/10/17,27.87,28.16,27.86,28.01,2124964,DRE
05/09/17,28.18,28.19,27.73,27.88,1572431,DRE
05/08/17,27.93,28.21,27.87,28.16,2846650,DRE
05/05/17,27.7,27.89,27.65,27.87,1557256,DRE
05/04/17,27.37,27.665,27.13,27.64,2130252,DRE
05/03/17,27.83,27.83,27.4,27.55,1172396,DRE
05/02/17,27.67,28.03,27.61,27.78,2026018,DRE
05/01/17,27.82,27.98,27.64,27.73,1677098,DRE
04/28/17,27.96,27.96,27.645,27.73,1950638,DRE
04/27/17,27.62,28.16,27.62,27.96,2243523,DRE
04/26/17,27.51,27.62,27.28,27.43,1720074,DRE
04/25/17,27.49,27.67,27.45,27.46,1568095,DRE
04/24/17,28.09,28.09,27.29,27.46,1702697,DRE
04/21/17,27.52,27.81,27.47,27.73,1554907,DRE
04/20/17,27.67,27.72,27.5,27.61,2156825,DRE
04/19/17,27.99,28.05,27.61,27.66,2440622,DRE
04/18/17,28.17,28.33,27.86,28.0,3226456,DRE
04/17/17,27.84,28.13,27.74,28.12,2244801,DRE
04/13/17,27.78,27.93,27.61,27.74,2324954,DRE
04/12/17,27.59,27.82,27.51,27.76,2135990,DRE
04/11/17,27.44,27.59,27.29,27.57,2141099,DRE
04/10/17,27.29,27.505,27.28,27.43,857609,DRE
04/07/17,27.27,27.49,27.25,27.31,1475734,DRE
04/06/17,27.04,27.33,26.89,27.28,1696701,DRE
04/05/17,26.88,27.14,26.81,27.09,3010859,DRE
04/04/17,26.6,26.8,26.47,26.68,3137932,DRE
04/03/17,26.25,26.6401,26.17,26.62,2967891,DRE
03/31/17,25.94,26.3075,25.91,26.27,2073892,DRE
03/30/17,25.84,25.975,25.68,25.96,1243925,DRE
03/29/17,25.76,25.87,25.65,25.86,2026685,DRE
03/28/17,25.64,25.81,25.38,25.81,1604282,DRE
03/27/17,25.99,26.17,25.61,25.64,2297884,DRE
03/24/17,26.07,26.26,25.97,26.17,2114082,DRE
03/23/17,25.69,26.18,25.66,25.98,1979810,DRE
03/22/17,25.76,25.76,25.395,25.73,1697335,DRE
03/21/17,25.77,25.82,25.51,25.65,1647723,DRE
03/20/17,25.68,25.8,25.57,25.78,1741252,DRE
03/17/17,25.63,25.81,25.42,25.62,4540282,DRE
03/16/17,25.48,25.56,25.35,25.48,1996539,DRE
03/15/17,25.02,25.59,24.97,25.49,4465618,DRE
03/14/17,25.0,25.005,24.815,24.93,3168528,DRE
03/13/17,25.26,25.42,24.98,25.06,2820047,DRE
03/10/17,25.35,25.49,25.1,25.25,2199208,DRE
03/09/17,25.51,25.71,25.16,25.19,1897621,DRE
03/08/17,25.74,25.74,25.49,25.51,1946784,DRE
03/07/17,25.78,25.89,25.66,25.87,1427821,DRE
03/06/17,26.05,26.13,25.69,25.82,2799278,DRE
03/03/17,26.01,26.23,25.74,26.2,3189671,DRE
03/02/17,25.57,26.13,25.48,25.99,5152734,DRE
03/01/17,25.53,25.785,25.45,25.69,2763301,DRE
02/28/17,25.91,26.01,25.53,25.64,4006420,DRE
02/27/17,25.8,26.03,25.65,26.0,1785792,DRE
02/24/17,25.63,25.78,25.41,25.77,1000535,DRE
02/23/17,25.46,25.63,25.24,25.6,1743438,DRE
02/22/17,25.5,25.6,25.2435,25.3,977104,DRE
02/21/17,25.19,25.57,25.11,25.53,1121185,DRE
02/17/17,25.26,25.35,25.01,25.21,1706108,DRE
02/16/17,24.96,25.46,24.86,25.26,2916172,DRE
02/15/17,25.11,25.11,24.73,24.97,2065465,DRE
02/14/17,24.96,25.21,24.88,25.11,1651147,DRE
02/13/17,25.3,25.42,25.13,25.31,1724488,DRE
02/10/17,25.09,25.26,25.05,25.26,2048915,DRE
02/09/17,25.16,25.22,24.98,25.11,1555501,DRE
02/08/17,24.91,25.26,24.79,25.15,1651927,DRE
02/07/17,25.02,25.23,24.825,24.87,1815029,DRE
02/06/17,25.17,25.25,24.96,25.05,2305716,DRE
02/03/17,24.95,25.05,24.69,24.97,3814076,DRE
02/02/17,24.25,24.775,24.13,24.74,3656413,DRE
02/01/17,24.33,24.46,24.06,24.22,3370329,DRE
01/31/17,24.09,24.44,24.09,24.33,3355709,DRE
01/30/17,24.28,24.365,23.93,24.04,3909581,DRE
01/27/17,24.98,25.19,24.14,24.31,6741317,DRE
01/26/17,25.9,26.21,25.2,25.23,4240727,DRE
01/25/17,26.32,26.46,25.935,26.1,2535603,DRE
01/24/17,26.59,26.7,26.245,26.31,3440972,DRE
01/23/17,26.56,26.7,26.44,26.57,2177032,DRE
01/20/17,26.64,26.78,26.44,26.56,1887822,DRE
01/19/17,26.65,26.7,26.44,26.62,1695184,DRE
01/18/17,26.58,26.96,26.47,26.8,1407471,DRE
01/17/17,26.66,26.82,26.41,26.57,3711965,DRE
01/13/17,26.58,26.81,26.43,26.6,1596463,DRE
01/12/17,26.56,26.62,26.11,26.6,2076570,DRE
01/11/17,26.61,26.775,26.46,26.52,2176734,DRE
01/10/17,26.88,26.96,26.63,26.73,2160233,DRE
01/09/17,27.07,27.08,26.8,26.88,2001230,DRE
01/06/17,27.05,27.2,26.93,27.03,2375557,DRE
01/05/17,27.06,27.275,26.75,27.11,2213722,DRE
01/04/17,26.74,27.26,26.715,27.22,2806930,DRE
01/03/17,26.7,26.75,26.32,26.62,2135576,DRE
12/30/16,26.09,26.58,25.91,26.56,2503158,DRE
12/29/16,25.69,26.15,25.65,26.1,1845187,DRE
12/28/16,25.94,26.015,25.595,25.66,2471241,DRE
12/27/16,26.02,26.08,25.86,25.9,1481676,DRE
12/23/16,26.03,26.07,25.76,25.96,1497059,DRE
12/22/16,25.98,26.01,25.71,25.95,1433017,DRE
12/21/16,26.2,26.39,25.95,25.99,2058202,DRE
12/20/16,26.11,26.41,25.95,26.15,2413233,DRE
12/19/16,26.42,26.43,26.05,26.15,2739439,DRE
12/16/16,26.21,26.45,25.99,26.18,14044540,DRE
12/15/16,25.84,26.23,25.62,25.67,3236457,DRE
12/14/16,26.76,26.83,25.8,25.84,3254307,DRE
12/13/16,26.39,26.75,26.195,26.73,4676493,DRE
12/12/16,26.5,26.7,26.43,26.64,1873722,DRE
12/09/16,26.64,26.86,26.44,26.56,2163856,DRE
12/08/16,26.07,26.79,26.07,26.65,2934424,DRE
12/07/16,26.05,26.61,26.05,26.6,2450610,DRE
12/06/16,25.78,26.2,25.78,26.0,2929214,DRE
12/05/16,25.6,25.8,25.465,25.78,3238405,DRE
12/02/16,25.29,25.82,25.29,25.55,2494877,DRE
12/01/16,25.37,25.465,24.91,25.15,3023262,DRE
11/30/16,25.5,25.695,25.2,25.43,3761643,DRE
11/29/16,25.38,25.87,25.38,25.81,3254116,DRE
11/28/16,25.18,25.56,25.14,25.38,3692031,DRE
11/25/16,24.76,25.19,24.76,24.98,1391351,DRE
11/23/16,24.22,24.74,24.22,24.73,2492410,DRE
11/22/16,24.41,24.8,24.37,24.64,3096593,DRE
11/21/16,24.42,24.56,24.31,24.41,4368752,DRE
11/18/16,23.79,24.3,23.7,24.27,2955681,DRE
11/17/16,23.98,24.22,23.575,23.73,2840851,DRE
11/16/16,23.79,24.02,23.68,23.98,2766150,DRE
11/15/16,23.83,24.055,23.59,23.87,3442941,DRE
11/14/16,23.46,23.77,22.965,23.65,6944179,DRE
11/11/16,23.63,23.92,23.07,23.38,5691767,DRE
11/10/16,24.63,24.66,23.63,23.65,4363711,DRE
11/09/16,24.98,25.07,24.56,24.69,2638748,DRE
11/08/16,25.11,25.56,25.11,25.49,1761229,DRE
11/07/16,25.09,25.17,24.96,25.09,3186890,DRE
11/04/16,24.7,24.77,24.51,24.7,2869304,DRE
11/03/16,24.91,25.11,24.68,24.69,1979769,DRE
11/02/16,25.39,25.43,24.88,24.92,1839625,DRE
11/01/16,26.07,26.07,25.2,25.38,2533851,DRE
10/31/16,25.56,26.23,25.36,26.15,3092088,DRE
10/28/16,25.39,25.66,25.29,25.39,2098456,DRE
10/27/16,26.03,26.03,25.32,25.4,4687546,DRE
10/26/16,25.82,25.89,25.39,25.48,2802096,DRE
10/25/16,25.88,26.18,25.8,26.0,2761025,DRE
10/24/16,26.36,26.36,25.91,25.95,2143748,DRE
10/21/16,25.87,25.985,25.77,25.84,2665811,DRE
10/20/16,26.05,26.24,25.97,26.03,2880968,DRE
10/19/16,25.92,26.14,25.81,26.03,2466125,DRE
10/18/16,26.07,26.11,25.81,25.88,3291417,DRE
10/17/16,25.74,26.1,25.68,25.82,2152660,DRE
10/14/16,25.74,25.93,25.49,25.66,2701528,DRE
10/13/16,25.48,25.81,25.41,25.7,2440012,DRE
10/12/16,25.38,25.58,25.275,25.54,2191588,DRE
10/11/16,25.55,25.65,25.26,25.35,2118865,DRE
10/10/16,25.58,25.905,25.51,25.59,1917240,DRE
10/07/16,25.7,26.09,25.46,25.51,2220118,DRE
10/06/16,25.62,25.78,25.18,25.59,2804954,DRE
10/05/16,26.45,26.65,25.68,25.68,3183035,DRE
10/04/16,26.84,26.85,26.2,26.34,2600696,DRE
10/03/16,27.2,27.26,26.72,26.82,2419305,DRE
09/30/16,27.69,27.83,27.33,27.33,2213395,DRE
09/29/16,27.61,27.65,27.25,27.52,2008078,DRE
09/28/16,27.5,27.75,27.345,27.74,1666123,DRE
09/27/16,27.76,27.85,27.31,27.42,1499211,DRE
09/26/16,27.49,27.815,27.38,27.72,1294785,DRE
09/23/16,27.3,27.66,27.18,27.52,2229169,DRE
09/22/16,27.48,27.69,27.35,27.4,4477683,DRE
09/21/16,26.89,27.23,26.38,27.2,4012352,DRE
09/20/16,27.0,27.0,26.74,26.9,3749633,DRE
09/19/16,26.69,27.0,26.68,26.77,2289199,DRE
09/16/16,26.56,26.75,26.43,26.69,11310290,DRE
09/15/16,26.53,26.68,26.43,26.61,1728970,DRE
09/14/16,26.52,26.7,26.41,26.52,2060103,DRE
09/13/16,27.0,27.0,26.42,26.42,2600491,DRE
09/12/16,26.66,27.28,26.3,27.11,2184379,DRE
09/09/16,27.62,27.66,26.77,26.77,2461472,DRE
09/08/16,28.15,28.15,27.84,27.99,2107046,DRE
09/07/16,28.1,28.38,28.0,28.31,3243775,DRE
09/06/16,28.35,28.44,28.075,28.3,2791499,DRE
09/02/16,28.0,28.66,28.0,28.29,2783132,DRE
09/01/16,28.12,28.13,27.865,28.01,1926190,DRE
08/31/16,28.04,28.27,27.89,28.12,3679832,DRE
08/30/16,28.17,28.19,27.72,28.14,2084503,DRE
08/29/16,27.85,28.24,27.85,28.12,2153381,DRE
08/26/16,28.03,28.17,27.46,27.79,2379587,DRE
08/25/16,27.95,28.14,27.845,27.91,2229418,DRE
08/24/16,28.08,28.21,27.76,27.96,1408318,DRE
08/23/16,28.09,28.255,28.03,28.13,1925723,DRE
08/22/16,27.87,28.04,27.83,28.0,1527169,DRE
08/19/16,27.79,27.85,27.65,27.84,1907058,DRE
08/18/16,27.94,28.01,27.77,27.84,2142945,DRE
08/17/16,28.12,28.14,27.69,27.94,2310898,DRE
08/16/16,28.11,28.14,27.99,28.06,2203792,DRE
08/15/16,28.25,28.42,28.17,28.24,1579324,DRE
08/12/16,28.07,28.47,27.99,28.17,1434731,DRE
08/11/16,28.25,28.27,27.925,28.19,2489341,DRE
08/10/16,28.35,28.46,28.06,28.2,2207614,DRE
08/09/16,28.17,28.28,28.0,28.24,1167380,DRE
08/08/16,28.02,28.3,27.85,28.16,2276603,DRE
08/05/16,28.23,28.32,27.92,27.99,1828127,DRE
08/04/16,28.4,28.52,28.16,28.24,2067985,DRE
08/03/16,28.4,28.43,28.1,28.33,1691547,DRE
08/02/16,28.57,28.77,28.37,28.44,2124764,DRE
08/01/16,28.63,28.8562,28.6,28.69,2968379,DRE
07/29/16,28.18,28.99,28.18,28.79,2382684,DRE
07/28/16,27.55,28.395,27.311,28.16,2960320,DRE
07/27/16,27.49,27.58,27.11,27.47,2913290,DRE
07/26/16,27.62,27.705,27.45,27.56,2341193,DRE
07/25/16,27.61,27.74,27.45,27.58,1910037,DRE
07/22/16,27.43,27.68,27.43,27.54,3491991,DRE
07/21/16,27.37,27.46,27.25,27.45,2232539,DRE
07/20/16,27.5,27.54,27.38,27.48,2735820,DRE
07/19/16,27.38,27.58,27.28,27.44,3052141,DRE
07/18/16,27.24,27.41,27.19,27.37,3299577,DRE
07/15/16,27.24,27.34,27.03,27.23,1572156,DRE
07/14/16,27.27,27.46,27.18,27.24,1905496,DRE
07/13/16,27.33,27.47,27.09,27.47,2069844,DRE
07/12/16,27.07,27.23,26.8934,27.22,3446891,DRE
07/11/16,26.86,27.1465,26.66,27.13,2517060,DRE
07/08/16,26.57,26.865,26.42,26.84,2001281,DRE
07/07/16,26.66,26.66,26.18,26.39,1983836,DRE
07/06/16,26.57,26.7,26.45,26.68,2179212,DRE
07/05/16,26.4,26.6,26.26,26.59,3589051,DRE
07/01/16,26.69,26.79,26.37,26.46,1973511,DRE
06/30/16,26.22,26.69,25.96,26.66,3606074,DRE
06/29/16,26.41,26.5,26.06,26.22,3189268,DRE
06/28/16,25.66,26.155,25.47,26.15,3395176,DRE
06/27/16,25.22,25.53,25.02,25.48,2641417,DRE
06/24/16,24.97,25.55,24.736,25.39,4088329,DRE
06/23/16,25.5,25.635,25.39,25.44,2849937,DRE
06/22/16,25.65,25.65,25.28,25.33,3092566,DRE
06/21/16,25.64,25.79,25.54,25.67,3094579,DRE
06/20/16,25.81,25.92,25.62,25.62,3338834,DRE
06/17/16,25.38,25.57,25.185,25.56,4480012,DRE
06/16/16,24.96,25.42,24.84,25.38,3166914,DRE
06/15/16,24.6,25.02,24.51,24.96,3075861,DRE
06/14/16,24.57,24.69,24.45,24.63,1492709,DRE
06/13/16,24.75,24.94,24.56,24.6,1996245,DRE
06/10/16,24.59,24.85,24.43,24.72,2534912,DRE
06/09/16,24.47,24.78,24.47,24.76,2072948,DRE
06/08/16,24.21,24.54,24.18,24.5,2375767,DRE
06/07/16,24.07,24.33,24.05,24.24,1821154,DRE
06/06/16,24.11,24.35,23.92,24.08,2065232,DRE
06/03/16,24.04,24.359,23.92,24.15,1926254,DRE
06/02/16,23.79,23.88,23.63,23.88,1855811,DRE
06/01/16,23.54,23.85,23.53,23.81,1931616,DRE
05/31/16,23.69,23.75,23.5,23.67,3268055,DRE
05/27/16,23.44,23.74,23.44,23.7,2201366,DRE
05/26/16,23.3,23.6,23.15,23.42,1699744,DRE
05/25/16,23.74,23.75,23.29,23.3,4357110,DRE
05/24/16,23.28,23.73,23.04,23.65,3643258,DRE
05/23/16,23.18,23.25,23.03,23.13,1883981,DRE
05/20/16,23.0,23.23,22.92,23.15,1996515,DRE
05/19/16,22.8,22.93,22.64,22.89,1739782,DRE
05/18/16,23.09,23.255,22.71,23.01,2770465,DRE
05/17/16,23.5,23.5,23.11,23.22,3184284,DRE
05/16/16,23.29,23.68,23.27,23.56,2197700,DRE
05/13/16,23.28,23.42,23.14,23.27,3494497,DRE
05/12/16,22.97,23.49,22.82,23.39,3907282,DRE
05/11/16,23.43,23.43,23.03,23.12,3958794,DRE
05/10/16,23.58,23.64,23.37,23.43,2175029,DRE
05/09/16,23.07,23.59,23.02,23.49,2365667,DRE
05/06/16,22.6,23.18,22.47,23.05,3182781,DRE
05/05/16,22.5,22.72,22.37,22.7,1799737,DRE
05/04/16,22.01,22.535,22.0,22.49,2017494,DRE
05/03/16,22.19,22.23,22.03,22.17,2531671,DRE
05/02/16,21.96,22.3475,21.94,22.28,2914731,DRE
04/29/16,22.1,22.24,21.7,21.87,4877041,DRE
04/28/16,22.25,22.65,22.15,22.21,2795417,DRE
04/27/16,21.11,22.38,21.11,22.26,2953370,DRE
04/26/16,22.22,22.52,22.19,22.23,2718807,DRE
04/25/16,21.84,22.21,21.81,22.17,2580756,DRE
04/22/16,21.8,22.025,21.75,21.91,2536433,DRE
04/21/16,21.91,22.11,21.61,21.7,2985082,DRE
04/20/16,22.41,22.5,21.9,21.93,3230035,DRE
04/19/16,22.54,22.56,22.38,22.39,2702580,DRE
04/18/16,22.29,22.53,22.26,22.44,2347521,DRE
04/15/16,22.19,22.45,22.19,22.31,2627536,DRE
04/14/16,22.27,22.39,22.12,22.21,2410728,DRE
04/13/16,22.54,22.54,22.19,22.26,4121116,DRE
04/12/16,22.55,22.61,22.285,22.46,4344424,DRE
04/11/16,22.65,22.72,22.44,22.52,1733484,DRE
04/08/16,22.51,22.78,22.42,22.61,1446920,DRE
04/07/16,22.31,22.41,22.17,22.36,1732399,DRE
04/06/16,22.32,22.47,22.25,22.42,1564904,DRE
04/05/16,22.29,22.47,22.26,22.33,1283958,DRE
04/04/16,22.33,22.57,22.29,22.45,2658149,DRE
04/01/16,22.39,22.44,22.035,22.27,4298451,DRE
03/31/16,22.37,22.57,22.27,22.54,2794033,DRE
03/30/16,22.65,22.7,22.36,22.37,1389454,DRE
03/29/16,21.94,22.66,21.94,22.63,1978391,DRE
03/28/16,21.76,21.93,21.76,21.89,1910858,DRE
03/24/16,21.74,21.9,21.56,21.74,1079395,DRE
03/23/16,21.83,22.0,21.82,21.84,1218837,DRE
03/22/16,21.73,21.93,21.64,21.81,1310077,DRE
03/21/16,21.94,22.055,21.75,21.75,1450174,DRE
03/18/16,22.15,22.335,21.98,22.01,3216490,DRE
03/17/16,21.82,22.2901,21.8,22.19,1796380,DRE
03/16/16,21.35,21.9,21.22,21.84,1546834,DRE
03/15/16,21.37,21.54,21.23,21.41,2392021,DRE
03/14/16,21.56,21.61,21.25,21.48,884574,DRE
03/11/16,21.3,21.6,21.11,21.58,1729243,DRE
03/10/16,21.28,21.485,20.775,21.07,2069324,DRE
03/09/16,21.27,21.37,21.14,21.21,2644884,DRE
03/08/16,21.62,21.9,21.18,21.24,2222842,DRE
03/07/16,21.57,21.87,21.52,21.63,2493630,DRE
03/04/16,21.5,21.745,21.39,21.71,1297130,DRE
03/03/16,21.41,21.57,21.3,21.51,2030628,DRE
03/02/16,21.21,21.37,20.61,21.37,2599127,DRE
03/01/16,20.79,21.31,20.73,21.27,3177545,DRE
02/29/16,20.76,21.09,20.64,20.68,3588457,DRE
02/26/16,20.81,21.01,20.74,20.8,3100228,DRE
02/25/16,20.44,20.86,20.44,20.86,2467501,DRE
02/24/16,20.41,20.55,20.11,20.29,2049521,DRE
02/23/16,20.7,20.8,20.43,20.52,1466220,DRE
02/22/16,20.46,20.815,20.46,20.72,2822152,DRE
02/19/16,20.12,20.5,20.1,20.32,1882940,DRE
02/18/16,20.02,20.34,19.87,20.22,2486049,DRE
02/17/16,19.87,20.31,19.36,20.04,2806134,DRE
02/16/16,19.41,19.79,19.23,19.78,1830784,DRE
02/12/16,18.91,19.25,18.72,19.17,2410364,DRE
02/11/16,18.91,19.03,18.57,18.76,3014043,DRE
02/10/16,19.03,19.52,19.03,19.31,2143682,DRE
02/09/16,19.14,19.28,18.88,18.96,2857336,DRE
02/08/16,19.57,19.65,19.0,19.33,2242060,DRE
02/05/16,19.86,19.96,19.62,19.68,1596074,DRE
02/04/16,19.94,20.18,19.88,19.98,1629194,DRE
02/03/16,19.86,20.085,19.61,20.02,2302127,DRE
02/02/16,19.95,20.06,19.57,19.67,1874486,DRE
02/01/16,19.74,20.305,19.51,20.08,2609626,DRE
01/29/16,19.81,20.15,19.71,20.13,4130980,DRE
01/28/16,19.54,19.95,19.46,19.65,2541553,DRE
01/27/16,19.87,19.93,19.5,19.67,2687608,DRE
01/26/16,19.48,19.94,19.45,19.94,3280186,DRE
01/25/16,19.5,19.7,19.32,19.39,2976583,DRE
01/22/16,19.17,19.56,19.15,19.52,2910766,DRE
01/21/16,18.99,19.22,18.755,18.95,2767929,DRE
01/20/16,19.26,19.37,18.52,18.87,2367227,DRE
01/19/16,19.61,19.68,19.305,19.43,2083014,DRE
01/15/16,19.17,19.46,19.05,19.43,3075920,DRE
01/14/16,19.57,19.67,19.385,19.47,2488651,DRE
01/13/16,19.84,20.06,19.48,19.53,2548513,DRE
01/12/16,20.24,20.26,19.74,19.77,3180755,DRE
01/11/16,19.91,20.14,19.88,20.03,2792785,DRE
01/08/16,20.36,20.45,19.83,19.87,1782997,DRE
01/07/16,20.55,20.65,20.18,20.3,2799604,DRE
01/06/16,20.92,21.14,20.76,20.89,2176270,DRE
01/05/16,20.89,21.29,20.84,21.19,3196090,DRE
01/04/16,20.87,20.93,20.66,20.91,1981332,DRE
12/31/15,21.3,21.39,21.02,21.02,2444230,DRE
12/30/15,21.28,21.39,21.19,21.22,1073390,DRE
12/29/15,21.2,21.46,21.19,21.31,1150794,DRE
12/28/15,20.87,21.12,20.82,21.12,1406796,DRE
